45019
33570
4424
2068
36092
31975
17523
52910
2489
5018
38281
471
3502
35476
41625
17112
48248
30938
26001
14592
11504
62719
42298
44883
52243
17802
4359
31544
52787
12283
59369
60481
13095
52610
35965
52398
9756
5117
44322
43454
29981
42967
7248
4301
41033
47321
16383
11494
35455
35898
13638
7633
11803
23159
45831
2116
15747
33550
6780
11501
14887
1054
29258
56205
4596
7159
42856
20231
38176
65310
64042
208
16640
25285
1020
52303
45648
2535
1936
61296
9884
38641
63544
6954
29450
11504
49498
1945
48004
15913
13229
26948
37282
39659
44610
27399
23552
1672
9405
34741
30148
27176
50594
33347
10489
4484
60074
27027
56653
7473
36024
53179
50698
44209
33970
19032
19963
57589
64865
48219
5269
12754
40906
65533
46477
7949
58984
7030
53507
50156
19393
62124
63275
33528
37084
15935
42177
58190
28628
45668
26175
55639
47377
37144
21663
24245
3573
10503
22525
16510
21822
59240
12439
64527
17255
62864
1615
63981
14038
52440
53036
20352
31830
37757
63479
52355
20243
27925
27630
39842
32664
36772
752
20345
16976
58750
62915
16949
52933
12799
51080
42620
303
7772
63235
16551
22082
45611
13230
12152
20885
39816
1691
28723
36867
17053
14176
25311
36113
3745
24236
50553
2825
64721
21587
44937
23854
55089
35434
38869
49392
65263
7199
27506
59830
1901
55847
3283
49681
55736
416
2809
49159
63069
29145
8317
34814
50082
6998
45149
46558
58028
21368
26490
44399
58496
38364
52637
11599
43876
48143
37917
57816
29479
40673
769
27336
11854
34653
64496
44614
19677
33326
40166
8528
28107
4945
55119
2106
9351
35729
5012
62565
14925
18904
47398
48795
26086
474
47169
29234
48598
3248
51429
33792
28508
14378
19070
62452
61972
15431
40244
47326
54012
17477
35253
58817
48136
63440
12806
8042
58861
25013
63098
12833
8783
33303
22802
21033
856
27348
57289
61719
54652
27587
12234
11665
36461
6696
34945
1419
3095
16646
39515
23595
60732
63385
43437
1859
34349
65014
32603
56338
27745
61026
54896
45767
26253
63998
33809
41936
14795
35293
20132
7143
29211
53299
21917
33770
27427
49272
40314
2767
12240
1914
8032
410
21123
1399
63928
16063
22103
58040
43863
11917
14999
4952
48472
52461
61018
52879
52589
28841
345
33270
29356
29989
37616
22365
9948
50214
61169
50368
58690
37143
17345
28534
805
16768
38012
40613
23861
13959
20169
4822
3139
38935
29874
29320
43942
16313
61917
701
55314
48504
46782
6239
63352
12495
30286
26883
56602
18598
10682
2117
18858
23550
45906
45053
12592
53222
28057
48695
45258
14787
5649
49493
37022
9947
11397
12853
29550
42374
34938
11051
37065
35321
60897
8696
12722
37458
53828
24652
36219
39836
12942
45708
1554
54925
22967
25979
54357
38476
14356
41328
44598
57563
31780
49916
52746
16117
63185
54794
33918
33681
4140
32477
26975
61735
44369
42393
39779
34665
1594
14779
55325
38550
37234
34029
39927
24928
34256
17664
49771
31355
3570
13458
8482
15070
22664
44746
28993
45190
18828
44340
10601
30370
60910
52474
5345
13961
37577
13162
57673
18
50583
50730
14481
3848
45597
818
30855
64981
38665
62584
43262
21066
4611
62658
60662
62445
8557
50034
36613
39606
8992
21887
46492
64695
10010
55173
17608
16506
24751
61760
298
33647
47969
58052
30538
36817
57277
61743
52019
54835
45888
34792
31490
33897
25063
50907
25513
63657
48087
4565
22038
39873
31406
54124
9328
23469
21449
37651
59180
65395
29852
56309
63776
33205
42720
13824
48142
40909
18872
42329
3391
8919
5541
9126
40834
54830
12557
17228
28047
5782
1212
27772
41503
52738
63825
48975
43322
9449
27193
52103
26106
16981
42712
48578
34803
58133
28993
61847
49514
5464
37228
45160
47705
60506
30364
17297
24916
58970
36024
63217
565
6539
37670
39953
61354
4604
31838
1894
45153
54788
58158
44494
26398
30645
4831
22939
32356
21413
48179
6531
43300
63198
24820
23017
47651
10943
3231
10065
8139
54501
18685
6378
29225
58904
13141
22748
12565
9572
57509
50934
53612
5748
46928
46743
36287
56355
18658
19334
8581
52300
27025
53238
61867
26719
35562
29147
64204
49563
42527
58250
49258
38859
38602
13690
465
4340
39652
35129
1150
1833
38585
45663
12820
4663
46483
34316
48230
38262
26699
7671
7684
55464
39933
9813
3212
9725
13094
63306
48287
55615
23659
38940
57747
31952
49892
19934
21820
29539
54758
17683
51899
10370
32810
38974
55899
29052
45717
6287
22588
15126
41786
5162
35974
6655
45189
62259
5600
2950
32900
5095
3735
5345
24457
19289
20029
22610
40427
60711
11508
15522
60684
7778
8007
60150
38349
30593
31127
27980
4353
58481
3376
19269
43791
10622
34543
34592
45381
11591
11457
10492
22434
60582
64492
9672
23328
59968
12960
57610
3418
45590
62416
80
17606
11935
12599
60260
55036
43652
7307
33079
8946
23726
37683
3433
34275
50634
52925
59733
49416
19308
60605
58400
40613
51026
60077
15222
62552
60857
37358
47326
17804
52722
40391
16858
13667
26945
32045
39442
471
42793
21619
14842
58451
22695
62564
24919
19729
42686
1107
5704
65516
10646
34884
42748
35321
1322
43850
53457
57528
9418
32001
41636
11451
63591
22464
64740
23607
45881
26693
40881
38022
54262
20248
41261
36419
57561
54340
64411
21685
32311
61265
26351
26881
62158
1053
39789
29204
29310
47402
22092
5646
9177
35341
25842
26373
22621
34916
43697
9657
16231
15373
36715
38783
61991
24550
50666
33653
57501
14310
36551
15406
50590
22497
60280
10478
36908
5080
62380
45625
27458
11327
14612
37710
55517
3412
55781
35692
57810
41459
17552
4262
45081
884
26094
45250
40147
31222
57978
5525
15578
20263
25014
26528
17981
61706
56364
60817
7376
5951
16347
4153
21680
56211
50998
17010
50334
37590
44011
471
43189
17684
49988
10790
32129
51386
21872
30
23802
6952
40700
41895
53192
48855
53979
25208
54942
54278
51043
44705
57056
47303
20620
11570
60381
12508
28876
29536
22767
6403
16270
2583
43199
13477
39791
17129
8499
46183
24256
17526
53931
10289
61711
37226
51616
60404
18568
43754
52450
3215
64612
28499
17786
44293
9803
32599
59729
11538
58921
28618
64484
35952
19004
27622
33359
39568
46845
23886
34460
36153
14156
51708
29460
14763
6272
38842
